#! FIELDS time p.x p.y p.z cuda.node-0 cpu.node-0
 0.000000 1.000000 1.000000 0.000000 0.030220 0.030220
 5.000000 0.078100 -0.012687 0.000000 0.021127 0.021127
 10.000000 0.588614 0.523126 0.000000 0.034097 0.034097
 15.000000 -0.372348 0.315151 0.000000 0.019332 0.019332
 20.000000 0.342172 -0.634866 0.000000 -0.008856 -0.008856
 25.000000 -0.348854 0.373219 0.000000 0.020756 0.020756
 30.000000 -0.380338 0.647727 0.000000 0.024706 0.024706
 35.000000 0.497431 0.689712 0.000000 0.036661 0.036661
 40.000000 0.161448 0.494017 0.000000 0.029874 0.029874
 45.000000 -0.626360 0.165129 0.000000 0.013575 0.013575
 50.000000 0.737711 0.118826 0.000000 0.017847 0.017847
 55.000000 0.275510 -0.601961 0.000000 -0.008504 -0.008504
 60.000000 0.385284 -0.535141 0.000000 -0.005564 -0.005564
 65.000000 0.660201 -0.164058 0.000000 0.012840 0.012840
 70.000000 0.808584 -0.109877 0.000000 0.011471 0.011471
 75.000000 0.144862 0.969097 0.000000 0.037522 0.037522
 80.000000 -0.407181 0.388792 0.000000 0.020603 0.020603
 85.000000 -0.125565 0.839008 0.000000 0.033513 0.033513
 90.000000 -0.543310 -0.305333 0.000000 0.002819 0.002819
 95.000000 -0.288667 0.582600 0.000000 0.025196 0.025196
 100.000000 0.541436 -0.508020 0.000000 -0.002456 -0.002456
 105.000000 -0.112408 0.425362 0.000000 0.024198 0.024198
 110.000000 -0.423318 0.422314 0.000000 0.020714 0.020714
 115.000000 0.098773 1.053230 0.000000 0.037669 0.037669
 120.000000 0.004026 0.347580 0.000000 0.024932 0.024932
 125.000000 -0.398161 0.290367 0.000000 0.018510 0.018510
 130.000000 -0.213071 0.847664 0.000000 0.031939 0.031939
 135.000000 0.013330 1.096919 0.000000 0.037475 0.037475
 140.000000 -0.462841 -0.058202 0.000000 0.011137 0.011137
 145.000000 -0.063478 0.694543 0.000000 0.030530 0.030530
 150.000000 -0.131636 0.606302 0.000000 0.027600 0.027600
 155.000000 -1.138747 0.318371 0.000000 0.012151 0.012151
 160.000000 -1.187117 0.418944 0.000000 0.015866 0.015866
 165.000000 -0.296398 -0.667167 0.000000 -0.010598 -0.010598
 170.000000 -0.128192 0.181341 0.000000 0.021377 0.021377
 175.000000 0.475576 -0.421936 0.000000 0.001904 0.001904
 180.000000 0.724515 0.267392 0.000000 0.022901 0.022901
 185.000000 0.203799 0.208611 0.000000 0.028379 0.028379
 190.000000 -0.606207 0.316934 0.000000 0.016896 0.016896
 195.000000 -0.348816 0.739842 0.000000 0.026625 0.026625
 200.000000 -0.238071 -0.541772 0.000000 -0.006942 -0.006942
 205.000000 0.631448 -0.141779 0.000000 0.013642 0.013642
 210.000000 1.044205 -0.781656 0.000000 -0.018915 -0.018915
 215.000000 -0.439194 0.439865 0.000000 0.020663 0.020663
 220.000000 -0.205856 0.194110 0.000000 0.019500 0.019500
 225.000000 -0.623897 0.004189 0.000000 0.008513 0.008513
 230.000000 0.219307 -0.270417 0.000000 0.010500 0.010500
 235.000000 -0.059216 0.322314 0.000000 0.024069 0.024069
 240.000000 -0.164195 0.684458 0.000000 0.029014 0.029014
 245.000000 -0.087596 -0.040375 0.000000 0.017981 0.017981
 250.000000 0.346679 0.419781 0.000000 0.032516 0.032516
 255.000000 -0.420373 0.559345 0.000000 0.022669 0.022669
 260.000000 -0.209413 -0.866647 0.000000 -0.016350 -0.016350
 265.000000 0.197772 0.469433 0.000000 0.030624 0.030624
 270.000000 0.016947 -0.156693 0.000000 0.016435 0.016435
 275.000000 -0.495719 0.322643 0.000000 0.018062 0.018062
 280.000000 0.135709 -0.129779 0.000000 0.017744 0.017744
 285.000000 0.029372 0.503887 0.000000 0.027550 0.027550
 290.000000 -0.407494 0.660583 0.000000 0.024709 0.024709
 295.000000 -0.451562 0.648978 0.000000 0.023999 0.023999
 300.000000 0.164883 0.160434 0.000000 0.026222 0.026222
 305.000000 -0.095993 -0.610875 0.000000 -0.010937 -0.010937
 310.000000 0.248345 -0.035070 0.000000 0.022310 0.022310
 315.000000 0.250623 -0.819157 0.000000 -0.014246 -0.014246
 320.000000 -0.156571 0.028257 0.000000 0.018424 0.018424
 325.000000 -0.076458 -0.198813 0.000000 0.014125 0.014125
 330.000000 0.403117 -0.973552 0.000000 -0.018566 -0.018566
 335.000000 -0.670592 -0.326588 0.000000 -0.001001 -0.001001
 340.000000 -0.008712 -0.281606 0.000000 0.010071 0.010071
 345.000000 0.123771 0.397922 0.000000 0.027805 0.027805
 350.000000 0.276601 0.599581 0.000000 0.034245 0.034245
 355.000000 -0.050517 1.172104 0.000000 0.037232 0.037232
 360.000000 -0.199069 0.040723 0.000000 0.017711 0.017711
 365.000000 -1.235195 0.034259 0.000000 0.002987 0.002987
 370.000000 -0.104891 -0.592931 0.000000 -0.010425 -0.010425
 375.000000 -0.339098 1.216464 0.000000 0.041083 0.041083
 380.000000 -0.053998 -0.079808 0.000000 0.017728 0.017728
 385.000000 -0.198861 1.661989 0.000000 0.041479 0.041479
 390.000000 0.437165 0.011277 0.000000 0.023992 0.023992
 395.000000 0.360446 -0.848338 0.000000 -0.014464 -0.014464
 400.000000 0.171801 -0.377587 0.000000 0.003837 0.003837
 405.000000 0.373222 0.119334 0.000000 0.027810 0.027810
 410.000000 0.357683 0.297601 0.000000 0.031087 0.031087
 415.000000 -0.604221 1.184502 0.000000 0.039700 0.039700
 420.000000 -0.027061 0.662206 0.000000 0.030071 0.030071
 425.000000 -0.234941 0.262316 0.000000 0.019709 0.019709
 430.000000 0.072439 0.331594 0.000000 0.026610 0.026610
 435.000000 -0.078425 0.030170 0.000000 0.019941 0.019941
 440.000000 -0.086150 -0.945613 0.000000 -0.019273 -0.019273
 445.000000 0.355765 -0.803035 0.000000 -0.013278 -0.013278
 450.000000 0.234026 0.333899 0.000000 0.030058 0.030058
 455.000000 -0.075413 0.398048 0.000000 0.024074 0.024074
 460.000000 -1.510569 -1.018251 0.000000 -0.006917 -0.006917
 465.000000 -0.200419 -0.312983 0.000000 0.008646 0.008646
 470.000000 -0.651146 0.062386 0.000000 0.009640 0.009640
 475.000000 -0.120930 -0.022881 0.000000 0.017834 0.017834
 480.000000 -0.971016 0.536982 0.000000 0.020446 0.020446
 485.000000 -0.152860 0.261279 0.000000 0.021673 0.021673
 490.000000 -0.203363 0.407365 0.000000 0.023088 0.023088
 495.000000 0.710680 0.739439 0.000000 0.035147 0.035147
 500.000000 0.363773 -0.130458 0.000000 0.018283 0.018283
