#! FIELDS time parameter cuda.node-0 cpu.node-0
 0.000000 0   -0.0309170261   -0.0309170205
 0.000000 1    0.0166983008    0.0166983083
 5.000000 0    0.0151379956    0.0151380068
 5.000000 1    0.0258993916    0.0258993935
 10.000000 0   -0.0202223063   -0.0202223174
 10.000000 1    0.0232739542    0.0232739449
 15.000000 0    0.0059962906    0.0059962906
 15.000000 1    0.0223872121    0.0223872233
 20.000000 0    0.0129841324    0.0129841249
 20.000000 1    0.0310788006    0.0310788080
 25.000000 0    0.0111641670    0.0111641688
 25.000000 1    0.0221503805    0.0221503824
 30.000000 0    0.0110952798    0.0110952836
 30.000000 1    0.0152369579    0.0152369533
 35.000000 0    0.0035209246    0.0035209269
 35.000000 1    0.0039541204    0.0039541135
 40.000000 0    0.0245529581    0.0245529562
 40.000000 1    0.0057962458    0.0057962397
 45.000000 0    0.0162003711    0.0162003729
 45.000000 1    0.0246548541    0.0246548560
 50.000000 0   -0.0400678851   -0.0400678776
 50.000000 1    0.0258301366    0.0258301441
 55.000000 0    0.0039167069    0.0039167022
 55.000000 1    0.0261583962    0.0261583999
 60.000000 0    0.0098124165    0.0098124128
 60.000000 1    0.0493511744    0.0493511707
 65.000000 0   -0.0121194702   -0.0121194599
 65.000000 1    0.0180713758    0.0180713721
 70.000000 0   -0.0203448981   -0.0203448925
 70.000000 1    0.0163349919    0.0163349975
 75.000000 0   -0.0135187590   -0.0135187628
 75.000000 1    0.0017510105    0.0017510094
 80.000000 0    0.0044832565    0.0044832551
 80.000000 1    0.0174652804    0.0174652822
 85.000000 0    0.0243456066    0.0243456028
 85.000000 1    0.0227699373    0.0227699429
 90.000000 0    0.0238336902    0.0238336809
 90.000000 1    0.0397943482    0.0397943556
 95.000000 0    0.0200027395    0.0200027376
 95.000000 1    0.0157584604    0.0157584623
 100.000000 0    0.0119189695    0.0119189760
 100.000000 1    0.0456762649    0.0456762761
 105.000000 0    0.0012986558    0.0012986636
 105.000000 1    0.0170304887    0.0170304757
 110.000000 0    0.0084611690    0.0084611680
 110.000000 1    0.0058139251    0.0058139306
 115.000000 0   -0.0010398431   -0.0010398473
 115.000000 1   -0.0082107037   -0.0082106926
 120.000000 0    0.0151061444    0.0151061472
 120.000000 1   -0.0050690514   -0.0050690528
 125.000000 0    0.0151763484    0.0151763437
 125.000000 1    0.0282925423    0.0282925498
 130.000000 0    0.0164633673    0.0164633654
 130.000000 1    0.0272117034    0.0272117127
 135.000000 0   -0.0027648136   -0.0027648208
 135.000000 1   -0.0102510946   -0.0102510843
 140.000000 0    0.0265644565    0.0265644547
 140.000000 1    0.0284611471    0.0284611471
 145.000000 0    0.0270547029    0.0270546991
 145.000000 1    0.0359147415    0.0359147340
 150.000000 0    0.0085246479    0.0085246507
 150.000000 1    0.0247384664    0.0247384608
 155.000000 0    0.0057882834    0.0057882788
 155.000000 1    0.0403918177    0.0403918065
 160.000000 0    0.0064427555    0.0064427536
 160.000000 1    0.0382656977    0.0382656977
 165.000000 0    0.0040324554    0.0040324484
 165.000000 1    0.0176294930    0.0176294968
 170.000000 0    0.0262726955    0.0262727011
 170.000000 1    0.0120955855    0.0120955892
 175.000000 0    0.0058405343    0.0058405371
 175.000000 1    0.0647790730    0.0647790506
 180.000000 0   -0.0481711663   -0.0481711812
 180.000000 1    0.0306301098    0.0306301266
 185.000000 0    0.0192277282    0.0192277189
 185.000000 1    0.0244289543    0.0244289525
 190.000000 0    0.0113798035    0.0113798073
 190.000000 1    0.0145277977    0.0145277921
 195.000000 0    0.0098896828    0.0098896883
 195.000000 1    0.0182314552    0.0182314590
 200.000000 0   -0.0043667071   -0.0043667005
 200.000000 1    0.0454524159    0.0454524085
 205.000000 0   -0.0145258289   -0.0145258205
 205.000000 1    0.0246756189    0.0246756170
 210.000000 0   -0.0296420138   -0.0296420231
 210.000000 1    0.0200278666    0.0200278703
 215.000000 0    0.0082135592    0.0082135620
 215.000000 1    0.0029407230    0.0029407227
 220.000000 0    0.0245218351    0.0245218370
 220.000000 1    0.0139301643    0.0139301568
 225.000000 0    0.0261622500    0.0261622351
 225.000000 1    0.0293336287    0.0293336213
 230.000000 0    0.0051629758    0.0051629730
 230.000000 1    0.0528581180    0.0528581254
 235.000000 0    0.0190774985    0.0190774985
 235.000000 1    0.0013012820    0.0013012779
 240.000000 0    0.0106507204    0.0106507251
 240.000000 1    0.0186853539    0.0186853502
 245.000000 0    0.0171846952    0.0171846990
 245.000000 1    0.0210178457    0.0210178439
 250.000000 0    0.0132343955    0.0132343853
 250.000000 1    0.0084110489    0.0084110498
 255.000000 0    0.0143151050    0.0143151004
 255.000000 1    0.0182810463    0.0182810519
 260.000000 0   -0.0088807503   -0.0088807549
 260.000000 1    0.0271816142    0.0271816142
 265.000000 0    0.0245529581    0.0245529562
 265.000000 1    0.0057962458    0.0057962397
 270.000000 0    0.0031315000    0.0031314986
 270.000000 1    0.0339367315    0.0339367315
 275.000000 0    0.0093917660    0.0093917688
 275.000000 1    0.0298073106    0.0298073087
 280.000000 0    0.0000386741    0.0000386670
 280.000000 1    0.0477128103    0.0477128029
 285.000000 0    0.0223903004    0.0223903116
 285.000000 1    0.0258410051    0.0258410033
 290.000000 0    0.0087571405    0.0087571424
 290.000000 1    0.0176118612    0.0176118594
 295.000000 0    0.0119271232    0.0119271213
 295.000000 1    0.0223219469    0.0223219562
 300.000000 0    0.0150962248    0.0150962342
 300.000000 1    0.0298517160    0.0298517179
 305.000000 0   -0.0135954013   -0.0135954004
 305.000000 1    0.0185379013    0.0185379013
 310.000000 0    0.0170082040    0.0170082171
 310.000000 1    0.0382369310    0.0382369310
 315.000000 0    0.0091905538    0.0091905482
 315.000000 1    0.0268320255    0.0268320255
 320.000000 0    0.0222089589    0.0222089645
 320.000000 1    0.0181788914    0.0181788914
 325.000000 0    0.0150092207    0.0150092253
 325.000000 1    0.0365780443    0.0365780331
 330.000000 0    0.0002971990    0.0002971861
 330.000000 1    0.0395147502    0.0395147614
 335.000000 0    0.0155545352    0.0155545343
 335.000000 1    0.0357948914    0.0357948951
 340.000000 0   -0.0055457391   -0.0055457563
 340.000000 1    0.0622156225    0.0622156225
 345.000000 0    0.0161147341    0.0161147397
 345.000000 1    0.0043097869    0.0043097874
 350.000000 0    0.0193503499    0.0193503443
 350.000000 1    0.0236667208    0.0236667208
 355.000000 0   -0.0212314278   -0.0212314315
 355.000000 1   -0.0039549242   -0.0039549200
 360.000000 0    0.0173708312    0.0173708368
 360.000000 1    0.0140211461    0.0140211442
 365.000000 0    0.0055827321    0.0055827373
 365.000000 1    0.0323591903    0.0323591866
 370.000000 0   -0.0156800635   -0.0156800617
 370.000000 1    0.0210588891    0.0210588910
 375.000000 0   -0.0007426050   -0.0007426095
 375.000000 1    0.0307498928    0.0307498947
 380.000000 0    0.0096139386    0.0096139405
 380.000000 1    0.0243276451    0.0243276432
 385.000000 0   -0.0167268384   -0.0167268384
 385.000000 1    0.0063390522    0.0063390564
 390.000000 0   -0.0105780568   -0.0105780568
 390.000000 1    0.0368356891    0.0368356891
 395.000000 0   -0.0029506795   -0.0029506902
 395.000000 1    0.0306553245    0.0306553189
 400.000000 0    0.0054753553    0.0054753609
 400.000000 1    0.0746235177    0.0746235326
 405.000000 0   -0.0061371285   -0.0061371410
 405.000000 1    0.0256547369    0.0256547257
 410.000000 0    0.0015075346    0.0015075263
 410.000000 1    0.0138822254    0.0138822254
 415.000000 0    0.0086708106    0.0086708134
 415.000000 1    0.0399937741    0.0399937741
 420.000000 0    0.0116814524    0.0116814552
 420.000000 1    0.0265154783    0.0265154839
 425.000000 0    0.0253911596    0.0253911596
 425.000000 1    0.0134049747    0.0134049691
 430.000000 0    0.0232557785    0.0232557803
 430.000000 1    0.0002579403    0.0002579376
 435.000000 0    0.0211542677    0.0211542696
 435.000000 1    0.0261780322    0.0261780377
 440.000000 0   -0.0071125738   -0.0071125827
 440.000000 1    0.0275828112    0.0275828131
 445.000000 0    0.0005089217    0.0005089259
 445.000000 1    0.0258424468    0.0258424431
 450.000000 0    0.0218292791    0.0218292736
 450.000000 1    0.0020974600    0.0020974572
 455.000000 0    0.0053452626    0.0053452672
 455.000000 1    0.0108718565    0.0108718518
 460.000000 0   -0.0024845805   -0.0024845891
 460.000000 1    0.0035785325    0.0035785302
 465.000000 0    0.0172503926    0.0172503963
 465.000000 1    0.0544774830    0.0544774830
 470.000000 0    0.0189771391    0.0189771410
 470.000000 1    0.0313592479    0.0313592479
 475.000000 0    0.0140633620    0.0140633639
 475.000000 1    0.0235693865    0.0235693995
 480.000000 0    0.0015838342    0.0015838337
 480.000000 1    0.0269086100    0.0269086100
 485.000000 0    0.0223623384    0.0223623384
 485.000000 1    0.0131468652    0.0131468577
 490.000000 0    0.0121468529    0.0121468538
 490.000000 1    0.0225683842    0.0225683823
 495.000000 0   -0.0348388404   -0.0348388478
 495.000000 1    0.0125484299    0.0125484196
 500.000000 0   -0.0045925449   -0.0045925477
 500.000000 1    0.0675180554    0.0675180629
